%YAML:1.0
---
CameraExtrinsicMat: !!opencv-matrix
   rows: 3
   cols: 4
   dt: d
   data: [ 9.9869819284554329e-01, -4.9960929298636519e-02,
       -1.0287135201925618e-02, 2.2027267391569080e-01,
       4.5742860147572492e-02, 9.6643469486086531e-01,
       -2.5280737986598800e-01, 9.4419890111250770e-01,
       2.2572336001523606e-02, 2.5200771042331815e-01,
       9.6746193906253042e-01, 6.8391076298117984e-02 ]
